1000 1000
999999998 999999998 999999998 999999998 999999998 999999998 999999998 999999998 999999998 999999998 999999998 999999998 999999998 999999998 999999998 999999998 999999998 999999998 999999998 999999998 999999998 999999998 999999998 999999998 999999998 999999998 999999998 999999998 999999998 999999998 999999998 999999998 999999998 999999998 999999998 999999998 999999998 999999998 999999998 999999998 999999998 999999998 999999998 999999998 999999998 999999998 999999998 999999998 999999998 999999998 999999998 999999998 999999998 999999998 999999998 999999998 999999998 999999998 999999998 999999998 999999998 999999998 999999998 999999998 999999998 999999998 999999998 999999998 999999998 999999998 999999998 999999998 999999998 999999998 999999998 999999998 999999998 999999998 999999998 999999998 999999998 999999998 999999998 999999998 999999998 999999998 999999998 999999998 999999998 999999998 999999998 999999998 999999998 999999998 999999998 999999998 999999998 999999998 999999998 999999998 999999998 999999998 999999998 999999998 999999998 999999998 999999998 999999998 999999998 999999998 999999998 999999998 999999998 999999998 999999998 999999998 999999998 999999998 999999998 999999998 999999998 999999998 999999998 999999998 999999998 999999998 999999998 999999998 999999998 999999998 999999998 999999998 999999998 999999998 999999998 999999998 999999998 999999998 999999998 999999998 999999998 999999998 999999998 999999998 999999998 999999998 999999998 999999998 999999998 999999998 999999998 999999998 999999998 999999998 999999998 999999998 999999998 999999998 999999998 999999998 999999998 999999998 999999998 999999998 999999998 999999998 999999998 999999998 999999998 999999998 999999998 999999998 999999998 999999998 999999998 999999998 999999998 999999998 999999998 999999998 999999998 999999998 999999998 999999998 999999998 999999998 999999998 999999998 999999998 999999998 999999998 999999998 999999998 999999998 999999998 999999998 999999998 999999998 999999998 999999998 999999998 999999998 999999998 999999998 999999998 999999998 999999998 999999998 999999998 999999998 999999998 999999998 999999998 999999998 999999998 999999998 999999998 999999998 999999998 999999998 999999998 999999998 999999998 999999998 999999998 999999998 999999998 999999998 999999998 999999998 999999998 999999998 999999998 999999998 999999998 999999998 999999998 999999998 999999998 999999998 999999998 999999998 999999998 999999998 999999998 999999998 999999998 999999998 999999998 999999998 999999998 999999998 999999998 999999998 999999998 999999998 999999998 999999998 999999998 999999998 999999998 999999998 999999998 999999998 999999998 999999998 999999998 999999998 999999998 999999998 999999998 999999998 999999998 999999998 999999998 999999998 999999998 999999998 999999998 999999998 999999998 999999998 999999998 999999998 999999998 999999998 999999998 999999998 999999998 999999998 999999998 999999998 999999998 999999998 999999998 999999998 999999998 999999998 999999998 999999998 999999998 999999998 999999998 999999998 999999998 999999998 999999998 999999998 999999998 999999998 999999998 999999998 999999998 999999998 999999998 999999998 999999998 999999998 999999998 999999998 999999998 999999998 999999998 999999998 999999998 999999998 999999998 999999998 999999998 999999998 999999998 999999998 999999998 999999998 999999998 999999998 999999998 999999998 999999998 999999998 999999998 999999998 999999998 999999998 999999998 999999998 999999998 999999998 999999998 999999998 999999998 999999998 999999998 999999998 999999998 999999998 999999998 999999998 999999998 999999998 999999998 999999998 999999998 999999998 999999998 999999998 999999998 999999998 999999998 999999998 999999998 999999998 999999998 999999998 999999998 999999998 999999998 999999998 999999998 999999998 999999998 999999998 999999998 999999998 999999998 999999998 999999998 999999998 999999998 999999998 999999998 999999998 999999998 999999998 999999998 999999998 999999998 999999998 999999998 999999998 999999998 999999998 999999998 999999998 999999998 999999998 999999998 999999998 999999998 999999998 999999998 999999998 999999998 999999998 999999998 999999998 999999998 999999998 999999998 999999998 999999998 999999998 999999998 999999998 999999998 999999998 999999998 999999998 999999998 999999998 999999998 999999998 999999998 999999998 999999998 999999998 999999998 999999998 999999998 999999998 999999998 999999998 999999998 999999998 999999998 999999998 999999998 999999998 999999998 999999998 999999998 999999998 999999998 999999998 999999998 999999998 999999998 999999998 999999998 999999998 999999998 999999998 999999998 999999998 999999998 999999998 999999998 999999998 999999998 999999998 999999998 999999998 999999998 999999998 999999998 999999998 999999998 999999998 999999998 999999998 999999998 999999998 999999998 999999998 999999998 999999998 999999998 999999998 999999998 999999998 999999998 999999998 999999998 999999998 999999998 999999998 999999998 999999998 999999998 999999998 999999998 999999998 999999998 999999998 999999998 999999998 999999998 999999998 999999998 999999998 999999998 999999998 999999998 999999998 999999998 999999998 999999998 999999998 999999998 999999998 999999998 999999998 999999998 999999998 999999998 999999998 999999998 999999998 999999998 999999998 999999998 999999998 999999998 999999998 999999998 999999998 999999998 999999998 999999998 999999998 999999998 999999998 999999998 999999998 999999998 999999998 999999998 999999998 999999998 999999998 999999998 999999998 999999998 999999998 999999998 999999998 999999998 999999998 999999998 999999998 999999998 999999998 999999998 999999998 999999998 999999998 999999998 999999998 999999998 999999998 999999998 999999998 999999998 999999998 999999998 999999998 999999998 999999998 999999998 999999998 999999998 999999998 999999998 999999998 999999998 999999998 999999998 999999998 999999998 999999998 999999998 999999998 999999998 999999998 999999998 999999998 999999998 999999998 999999998 999999998 999999998 999999998 999999998 999999998 999999998 999999998 999999998 999999998 999999998 999999998 999999998 999999998 999999998 999999998 999999998 999999998 999999998 999999998 999999998 999999998 999999998 999999998 999999998 999999998 999999998 999999998 999999998 999999998 999999998 999999998 999999998 999999998 999999998 999999998 999999998 999999998 999999998 999999998 999999998 999999998 999999998 999999998 999999998 999999998 999999998 999999998 999999998 999999998 999999998 999999998 999999998 999999998 999999998 999999998 999999998 999999998 999999998 999999998 999999998 999999998 999999998 999999998 999999998 999999998 999999998 999999998 1000000000 1000000000 1000000000 1000000000 1000000000 1000000000 1000000000 1000000000 1000000000 1000000000 1000000000 1000000000 1000000000 1000000000 1000000000 1000000000 1000000000 1000000000 1000000000 1000000000 1000000000 1000000000 1000000000 1000000000 1000000000 1000000000 1000000000 1000000000 1000000000 1000000000 1000000000 1000000000 1000000000 1000000000 1000000000 1000000000 1000000000 1000000000 1000000000 1000000000 1000000000 1000000000 1000000000 1000000000 1000000000 1000000000 1000000000 1000000000 1000000000 1000000000 1000000000 1000000000 1000000000 1000000000 1000000000 1000000000 1000000000 1000000000 1000000000 1000000000 1000000000 1000000000 1000000000 1000000000 1000000000 1000000000 1000000000 1000000000 1000000000 1000000000 1000000000 1000000000 1000000000 1000000000 1000000000 1000000000 1000000000 1000000000 1000000000 1000000000 1000000000 1000000000 1000000000 1000000000 1000000000 1000000000 1000000000 1000000000 1000000000 1000000000 1000000000 1000000000 1000000000 1000000000 1000000000 1000000000 1000000000 1000000000 1000000000 1000000000 1000000000 1000000000 1000000000 1000000000 1000000000 1000000000 1000000000 1000000000 1000000000 1000000000 1000000000 1000000000 1000000000 1000000000 1000000000 1000000000 1000000000 1000000000 1000000000 1000000000 1000000000 1000000000 1000000000 1000000000 1000000000 1000000000 1000000000 1000000000 1000000000 1000000000 1000000000 1000000000 1000000000 1000000000 1000000000 1000000000 1000000000 1000000000 1000000000 1000000000 1000000000 1000000000 1000000000 1000000000 1000000000 1000000000 1000000000 1000000000 1000000000 1000000000 1000000000 1000000000 1000000000 1000000000 1000000000 1000000000 1000000000 1000000000 1000000000 1000000000 1000000000 1000000000 1000000000 1000000000 1000000000 1000000000 1000000000 1000000000 1000000000 1000000000 1000000000 1000000000 1000000000 1000000000 1000000000 1000000000 1000000000 1000000000 1000000000 1000000000 1000000000 1000000000 1000000000 1000000000 1000000000 1000000000 1000000000 1000000000 1000000000 1000000000 1000000000 1000000000 1000000000 1000000000 1000000000 1000000000 1000000000 1000000000 1000000000 1000000000 1000000000 1000000000 1000000000 1000000000 1000000000 1000000000 1000000000 1000000000 1000000000 1000000000 1000000000 1000000000 1000000000 1000000000 1000000000 1000000000 1000000000 1000000000 1000000000 1000000000 1000000000 1000000000 1000000000 1000000000 1000000000 1000000000 1000000000 1000000000 1000000000 1000000000 1000000000 1000000000 1000000000 1000000000 1000000000 1000000000 1000000000 1000000000 1000000000 1000000000 1000000000 1000000000 1000000000 1000000000 1000000000 1000000000 1000000000 1000000000 1000000000 1000000000 1000000000 1000000000 1000000000 1000000000 1000000000 1000000000 1000000000 1000000000 1000000000 1000000000 1000000000 1000000000 1000000000 1000000000 1000000000 1000000000 1000000000 1000000000 1000000000 1000000000 1000000000 1000000000 1000000000 1000000000 1000000000 1000000000 1000000000 1000000000 1000000000 1000000000 1000000000 1000000000 1000000000 1000000000 1000000000 1000000000 1000000000 1000000000 1000000000 1000000000 1000000000 1000000000 1000000000 1000000000 1000000000 1000000000 1000000000 1000000000 1000000000 1000000000 1000000000 1000000000 1000000000 1000000000 1000000000 1000000000 1000000000 1000000000 1000000000 1000000000 1000000000 1000000000 1000000000 1000000000 1000000000 1000000000 1000000000 1000000000 1000000000 1000000000 1000000000 1000000000 1000000000 1000000000 1000000000 1000000000 1000000000 1000000000 1000000000 1000000000 1000000000 1000000000 1000000000 1000000000
1 2 666666666
2 3 666666666
3 4 666666666
4 5 666666666
5 6 666666666
6 7 666666666
7 8 666666666
8 9 666666666
9 10 666666666
10 11 666666666
11 12 666666666
12 13 666666666
13 14 666666666
14 15 666666666
15 16 666666666
16 17 666666666
17 18 666666666
18 19 666666666
19 20 666666666
20 21 666666666
21 22 666666666
22 23 666666666
23 24 666666666
24 25 666666666
25 26 666666666
26 27 666666666
27 28 666666666
28 29 666666666
29 30 666666666
30 31 666666666
31 32 666666666
32 33 666666666
33 34 666666666
34 35 666666666
35 36 666666666
36 37 666666666
37 38 666666666
38 39 666666666
39 40 666666666
40 41 666666666
41 42 666666666
42 43 666666666
43 44 666666666
44 45 666666666
45 46 666666666
46 47 666666666
47 48 666666666
48 49 666666666
49 50 666666666
50 51 666666666
51 52 666666666
52 53 666666666
53 54 666666666
54 55 666666666
55 56 666666666
56 57 666666666
57 58 666666666
58 59 666666666
59 60 666666666
60 61 666666666
61 62 666666666
62 63 666666666
63 64 666666666
64 65 666666666
65 66 666666666
66 67 666666666
67 68 666666666
68 69 666666666
69 70 666666666
70 71 666666666
71 72 666666666
72 73 666666666
73 74 666666666
74 75 666666666
75 76 666666666
76 77 666666666
77 78 666666666
78 79 666666666
79 80 666666666
80 81 666666666
81 82 666666666
82 83 666666666
83 84 666666666
84 85 666666666
85 86 666666666
86 87 666666666
87 88 666666666
88 89 666666666
89 90 666666666
90 91 666666666
91 92 666666666
92 93 666666666
93 94 666666666
94 95 666666666
95 96 666666666
96 97 666666666
97 98 666666666
98 99 666666666
99 100 666666666
100 101 666666666
101 102 666666666
102 103 666666666
103 104 666666666
104 105 666666666
105 106 666666666
106 107 666666666
107 108 666666666
108 109 666666666
109 110 666666666
110 111 666666666
111 112 666666666
112 113 666666666
113 114 666666666
114 115 666666666
115 116 666666666
116 117 666666666
117 118 666666666
118 119 666666666
119 120 666666666
120 121 666666666
121 122 666666666
122 123 666666666
123 124 666666666
124 125 666666666
125 126 666666666
126 127 666666666
127 128 666666666
128 129 666666666
129 130 666666666
130 131 666666666
131 132 666666666
132 133 666666666
133 134 666666666
134 135 666666666
135 136 666666666
136 137 666666666
137 138 666666666
138 139 666666666
139 140 666666666
140 141 666666666
141 142 666666666
142 143 666666666
143 144 666666666
144 145 666666666
145 146 666666666
146 147 666666666
147 148 666666666
148 149 666666666
149 150 666666666
150 151 666666666
151 152 666666666
152 153 666666666
153 154 666666666
154 155 666666666
155 156 666666666
156 157 666666666
157 158 666666666
158 159 666666666
159 160 666666666
160 161 666666666
161 162 666666666
162 163 666666666
163 164 666666666
164 165 666666666
165 166 666666666
166 167 666666666
167 168 666666666
168 169 666666666
169 170 666666666
170 171 666666666
171 172 666666666
172 173 666666666
173 174 666666666
174 175 666666666
175 176 666666666
176 177 666666666
177 178 666666666
178 179 666666666
179 180 666666666
180 181 666666666
181 182 666666666
182 183 666666666
183 184 666666666
184 185 666666666
185 186 666666666
186 187 666666666
187 188 666666666
188 189 666666666
189 190 666666666
190 191 666666666
191 192 666666666
192 193 666666666
193 194 666666666
194 195 666666666
195 196 666666666
196 197 666666666
197 198 666666666
198 199 666666666
199 200 666666666
200 201 666666666
201 202 666666666
202 203 666666666
203 204 666666666
204 205 666666666
205 206 666666666
206 207 666666666
207 208 666666666
208 209 666666666
209 210 666666666
210 211 666666666
211 212 666666666
212 213 666666666
213 214 666666666
214 215 666666666
215 216 666666666
216 217 666666666
217 218 666666666
218 219 666666666
219 220 666666666
220 221 666666666
221 222 666666666
222 223 666666666
223 224 666666666
224 225 666666666
225 226 666666666
226 227 666666666
227 228 666666666
228 229 666666666
229 230 666666666
230 231 666666666
231 232 666666666
232 233 666666666
233 234 666666666
234 235 666666666
235 236 666666666
236 237 666666666
237 238 666666666
238 239 666666666
239 240 666666666
240 241 666666666
241 242 666666666
242 243 666666666
243 244 666666666
244 245 666666666
245 246 666666666
246 247 666666666
247 248 666666666
248 249 666666666
249 250 666666666
250 251 666666666
251 252 666666666
252 253 666666666
253 254 666666666
254 255 666666666
255 256 666666666
256 257 666666666
257 258 666666666
258 259 666666666
259 260 666666666
260 261 666666666
261 262 666666666
262 263 666666666
263 264 666666666
264 265 666666666
265 266 666666666
266 267 666666666
267 268 666666666
268 269 666666666
269 270 666666666
270 271 666666666
271 272 666666666
272 273 666666666
273 274 666666666
274 275 666666666
275 276 666666666
276 277 666666666
277 278 666666666
278 279 666666666
279 280 666666666
280 281 666666666
281 282 666666666
282 283 666666666
283 284 666666666
284 285 666666666
285 286 666666666
286 287 666666666
287 288 666666666
288 289 666666666
289 290 666666666
290 291 666666666
291 292 666666666
292 293 666666666
293 294 666666666
294 295 666666666
295 296 666666666
296 297 666666666
297 298 666666666
298 299 666666666
299 300 666666666
300 301 666666666
301 302 666666666
302 303 666666666
303 304 666666666
304 305 666666666
305 306 666666666
306 307 666666666
307 308 666666666
308 309 666666666
309 310 666666666
310 311 666666666
311 312 666666666
312 313 666666666
313 314 666666666
314 315 666666666
315 316 666666666
316 317 666666666
317 318 666666666
318 319 666666666
319 320 666666666
320 321 666666666
321 322 666666666
322 323 666666666
323 324 666666666
324 325 666666666
325 326 666666666
326 327 666666666
327 328 666666666
328 329 666666666
329 330 666666666
330 331 666666666
331 332 666666666
332 333 666666666
333 334 666666666
334 335 666666666
335 336 666666666
336 337 666666666
337 338 666666666
338 339 666666666
339 340 666666666
340 341 666666666
341 342 666666666
342 343 666666666
343 344 666666666
344 345 666666666
345 346 666666666
346 347 666666666
347 348 666666666
348 349 666666666
349 350 666666666
350 351 666666666
351 352 666666666
352 353 666666666
353 354 666666666
354 355 666666666
355 356 666666666
356 357 666666666
357 358 666666666
358 359 666666666
359 360 666666666
360 361 666666666
361 362 666666666
362 363 666666666
363 364 666666666
364 365 666666666
365 366 666666666
366 367 666666666
367 368 666666666
368 369 666666666
369 370 666666666
370 371 666666666
371 372 666666666
372 373 666666666
373 374 666666666
374 375 666666666
375 376 666666666
376 377 666666666
377 378 666666666
378 379 666666666
379 380 666666666
380 381 666666666
381 382 666666666
382 383 666666666
383 384 666666666
384 385 666666666
385 386 666666666
386 387 666666666
387 388 666666666
388 389 666666666
389 390 666666666
390 391 666666666
391 392 666666666
392 393 666666666
393 394 666666666
394 395 666666666
395 396 666666666
396 397 666666666
397 398 666666666
398 399 666666666
399 400 666666666
400 401 666666666
401 402 666666666
402 403 666666666
403 404 666666666
404 405 666666666
405 406 666666666
406 407 666666666
407 408 666666666
408 409 666666666
409 410 666666666
410 411 666666666
411 412 666666666
412 413 666666666
413 414 666666666
414 415 666666666
415 416 666666666
416 417 666666666
417 418 666666666
418 419 666666666
419 420 666666666
420 421 666666666
421 422 666666666
422 423 666666666
423 424 666666666
424 425 666666666
425 426 666666666
426 427 666666666
427 428 666666666
428 429 666666666
429 430 666666666
430 431 666666666
431 432 666666666
432 433 666666666
433 434 666666666
434 435 666666666
435 436 666666666
436 437 666666666
437 438 666666666
438 439 666666666
439 440 666666666
440 441 666666666
441 442 666666666
442 443 666666666
443 444 666666666
444 445 666666666
445 446 666666666
446 447 666666666
447 448 666666666
448 449 666666666
449 450 666666666
450 451 666666666
451 452 666666666
452 453 666666666
453 454 666666666
454 455 666666666
455 456 666666666
456 457 666666666
457 458 666666666
458 459 666666666
459 460 666666666
460 461 666666666
461 462 666666666
462 463 666666666
463 464 666666666
464 465 666666666
465 466 666666666
466 467 666666666
467 468 666666666
468 469 666666666
469 470 666666666
470 471 666666666
471 472 666666666
472 473 666666666
473 474 666666666
474 475 666666666
475 476 666666666
476 477 666666666
477 478 666666666
478 479 666666666
479 480 666666666
480 481 666666666
481 482 666666666
482 483 666666666
483 484 666666666
484 485 666666666
485 486 666666666
486 487 666666666
487 488 666666666
488 489 666666666
489 490 666666666
490 491 666666666
491 492 666666666
492 493 666666666
493 494 666666666
494 495 666666666
495 496 666666666
496 497 666666666
497 498 666666666
498 499 666666666
499 500 666666666
500 501 666666666
501 502 666666666
502 503 666666666
503 504 666666666
504 505 666666666
505 506 666666666
506 507 666666666
507 508 666666666
508 509 666666666
509 510 666666666
510 511 666666666
511 512 666666666
512 513 666666666
513 514 666666666
514 515 666666666
515 516 666666666
516 517 666666666
517 518 666666666
518 519 666666666
519 520 666666666
520 521 666666666
521 522 666666666
522 523 666666666
523 524 666666666
524 525 666666666
525 526 666666666
526 527 666666666
527 528 666666666
528 529 666666666
529 530 666666666
530 531 666666666
531 532 666666666
532 533 666666666
533 534 666666666
534 535 666666666
535 536 666666666
536 537 666666666
537 538 666666666
538 539 666666666
539 540 666666666
540 541 666666666
541 542 666666666
542 543 666666666
543 544 666666666
544 545 666666666
545 546 666666666
546 547 666666666
547 548 666666666
548 549 666666666
549 550 666666666
550 551 666666666
551 552 666666666
552 553 666666666
553 554 666666666
554 555 666666666
555 556 666666666
556 557 666666666
557 558 666666666
558 559 666666666
559 560 666666666
560 561 666666666
561 562 666666666
562 563 666666666
563 564 666666666
564 565 666666666
565 566 666666666
566 567 666666666
567 568 666666666
568 569 666666666
569 570 666666666
570 571 666666666
571 572 666666666
572 573 666666666
573 574 666666666
574 575 666666666
575 576 666666666
576 577 666666666
577 578 666666666
578 579 666666666
579 580 666666666
580 581 666666666
581 582 666666666
582 583 666666666
583 584 666666666
584 585 666666666
585 586 666666666
586 587 666666666
587 588 666666666
588 589 666666666
589 590 666666666
590 591 666666666
591 592 666666666
592 593 666666666
593 594 666666666
594 595 666666666
595 596 666666666
596 597 666666666
597 598 666666666
598 599 666666666
599 600 666666666
600 601 666666666
601 602 666666666
602 603 666666666
603 604 666666666
604 605 666666666
605 606 666666666
606 607 666666666
607 608 666666666
608 609 666666666
609 610 666666666
610 611 666666666
611 612 666666666
612 613 666666666
613 614 666666666
614 615 666666666
615 616 666666666
616 617 666666666
617 618 666666666
618 619 666666666
619 620 666666666
620 621 666666666
621 622 666666666
622 623 666666666
623 624 666666666
624 625 666666666
625 626 666666666
626 627 666666666
627 628 666666666
628 629 666666666
629 630 666666666
630 631 666666666
631 632 666666666
632 633 666666666
633 634 666666666
634 635 666666666
635 636 666666666
636 637 666666666
637 638 666666666
638 639 666666666
639 640 666666666
640 641 666666666
641 642 666666666
642 643 666666666
643 644 666666666
644 645 666666666
645 646 666666666
646 647 666666666
647 648 666666666
648 649 666666666
649 650 666666666
650 651 666666666
651 652 666666666
652 653 666666666
653 654 666666666
654 655 666666666
655 656 666666666
656 657 666666666
657 658 666666666
658 659 666666666
659 660 666666666
660 661 666666666
661 662 666666666
662 663 666666666
663 664 666666666
664 665 666666666
665 666 666666666
666 1 666666666
1 334 666666666
2 335 666666666
3 336 666666666
4 337 666666666
5 338 666666666
6 339 666666666
7 340 666666666
8 341 666666666
9 342 666666666
10 343 666666666
11 344 666666666
12 345 666666666
13 346 666666666
14 347 666666666
15 348 666666666
16 349 666666666
17 350 666666666
18 351 666666666
19 352 666666666
20 353 666666666
21 354 666666666
22 355 666666666
23 356 666666666
24 357 666666666
25 358 666666666
26 359 666666666
27 360 666666666
28 361 666666666
29 362 666666666
30 363 666666666
31 364 666666666
32 365 666666666
33 366 666666666
34 367 666666666
35 368 666666666
36 369 666666666
37 370 666666666
38 371 666666666
39 372 666666666
40 373 666666666
41 374 666666666
42 375 666666666
43 376 666666666
44 377 666666666
45 378 666666666
46 379 666666666
47 380 666666666
48 381 666666666
49 382 666666666
50 383 666666666
51 384 666666666
52 385 666666666
53 386 666666666
54 387 666666666
55 388 666666666
56 389 666666666
57 390 666666666
58 391 666666666
59 392 666666666
60 393 666666666
61 394 666666666
62 395 666666666
63 396 666666666
64 397 666666666
65 398 666666666
66 399 666666666
67 400 666666666
68 401 666666666
69 402 666666666
70 403 666666666
71 404 666666666
72 405 666666666
73 406 666666666
74 407 666666666
75 408 666666666
76 409 666666666
77 410 666666666
78 411 666666666
79 412 666666666
80 413 666666666
81 414 666666666
82 415 666666666
83 416 666666666
84 417 666666666
85 418 666666666
86 419 666666666
87 420 666666666
88 421 666666666
89 422 666666666
90 423 666666666
91 424 666666666
92 425 666666666
93 426 666666666
94 427 666666666
95 428 666666666
96 429 666666666
97 430 666666666
98 431 666666666
99 432 666666666
100 433 666666666
101 434 666666666
102 435 666666666
103 436 666666666
104 437 666666666
105 438 666666666
106 439 666666666
107 440 666666666
108 441 666666666
109 442 666666666
110 443 666666666
111 444 666666666
112 445 666666666
113 446 666666666
114 447 666666666
115 448 666666666
116 449 666666666
117 450 666666666
118 451 666666666
119 452 666666666
120 453 666666666
121 454 666666666
122 455 666666666
123 456 666666666
124 457 666666666
125 458 666666666
126 459 666666666
127 460 666666666
128 461 666666666
129 462 666666666
130 463 666666666
131 464 666666666
132 465 666666666
133 466 666666666
134 467 666666666
135 468 666666666
136 469 666666666
137 470 666666666
138 471 666666666
139 472 666666666
140 473 666666666
141 474 666666666
142 475 666666666
143 476 666666666
144 477 666666666
145 478 666666666
146 479 666666666
147 480 666666666
148 481 666666666
149 482 666666666
150 483 666666666
151 484 666666666
152 485 666666666
153 486 666666666
154 487 666666666
155 488 666666666
156 489 666666666
157 490 666666666
158 491 666666666
159 492 666666666
160 493 666666666
161 494 666666666
162 495 666666666
163 496 666666666
164 497 666666666
165 498 666666666
166 499 666666666
167 500 666666666
168 501 666666666
169 502 666666666
170 503 666666666
171 504 666666666
172 505 666666666
173 506 666666666
174 507 666666666
175 508 666666666
176 509 666666666
177 510 666666666
178 511 666666666
179 512 666666666
180 513 666666666
181 514 666666666
182 515 666666666
183 516 666666666
184 517 666666666
185 518 666666666
186 519 666666666
187 520 666666666
188 521 666666666
189 522 666666666
190 523 666666666
191 524 666666666
192 525 666666666
193 526 666666666
194 527 666666666
195 528 666666666
196 529 666666666
197 530 666666666
198 531 666666666
199 532 666666666
200 533 666666666
201 534 666666666
202 535 666666666
203 536 666666666
204 537 666666666
205 538 666666666
206 539 666666666
207 540 666666666
208 541 666666666
209 542 666666666
210 543 666666666
211 544 666666666
212 545 666666666
213 546 666666666
214 547 666666666
215 548 666666666
216 549 666666666
217 550 666666666
218 551 666666666
219 552 666666666
220 553 666666666
221 554 666666666
222 555 666666666
223 556 666666666
224 557 666666666
225 558 666666666
226 559 666666666
227 560 666666666
228 561 666666666
229 562 666666666
230 563 666666666
231 564 666666666
232 565 666666666
233 566 666666666
234 567 666666666
235 568 666666666
236 569 666666666
237 570 666666666
238 571 666666666
239 572 666666666
240 573 666666666
241 574 666666666
242 575 666666666
243 576 666666666
244 577 666666666
245 578 666666666
246 579 666666666
247 580 666666666
248 581 666666666
249 582 666666666
250 583 666666666
251 584 666666666
252 585 666666666
253 586 666666666
254 587 666666666
255 588 666666666
256 589 666666666
257 590 666666666
258 591 666666666
259 592 666666666
260 593 666666666
261 594 666666666
262 595 666666666
263 596 666666666
264 597 666666666
265 598 666666666
266 599 666666666
267 600 666666666
268 601 666666666
269 602 666666666
270 603 666666666
271 604 666666666
272 605 666666666
273 606 666666666
274 607 666666666
275 608 666666666
276 609 666666666
277 610 666666666
278 611 666666666
279 612 666666666
280 613 666666666
281 614 666666666
282 615 666666666
283 616 666666666
284 617 666666666
285 618 666666666
286 619 666666666
287 620 666666666
288 621 666666666
289 622 666666666
290 623 666666666
291 624 666666666
292 625 666666666
293 626 666666666
294 627 666666666
295 628 666666666
296 629 666666666
297 630 666666666
298 631 666666666
299 632 666666666
300 633 666666666
301 634 666666666
302 635 666666666
303 636 666666666
304 637 666666666
305 638 666666666
306 639 666666666
307 640 666666666
308 641 666666666
309 642 666666666
310 643 666666666
311 644 666666666
312 645 666666666
313 646 666666666
314 647 666666666
315 648 666666666
316 649 666666666
317 650 666666666
318 651 666666666
319 652 666666666
320 653 666666666
321 654 666666666
322 655 666666666
323 656 666666666
324 657 666666666
325 658 666666666
326 659 666666666
327 660 666666666
328 661 666666666
329 662 666666666
330 663 666666666
331 664 666666666
332 665 666666666
333 666 666666666
1 3 1
